2453234.61129552	0.00027789
2453234.62286985	-0.0003785
2453234.63444422	0.0003908
2453234.64603021	-0.00037041
2453234.657828	-0.000798429999999999
2453234.66962113	-0.00042208
2453234.68120472	0.00010957
2453234.69277904	0.00017371
2453234.70435341	-5.586e-05
2453234.7159637	-0.00031808
2453234.72774529	0.00049122
2453234.73942383	0.00040016
2453234.75118219	0.00022174
2453234.76291971	0.00053392
2453234.77449408	-0.00013618
2453234.78612751	0.00015488
2453234.79781651	0.00118204
2453234.80944875	0.00018336
2453234.82126382	-0.00025334
2453234.83306037	0.00026854
2453234.84463474	0.00015265
2453234.85620914	0.00033746
2453234.86778355	-0.00086875
2453234.87935792	-0.00064603
2453234.89141142	-0.00050585
2453234.903664	1.03000000000001e-05
2453234.91523837	-0.00032314
2453234.92686254	-0.00033347
2453234.93863602	-0.00084582
2453234.95042452	0.00045958
2453234.96218866	0.00036526
2453234.97392039	-2.611e-05
2453234.98549475	-0.00078294
2453234.99706915	9.918e-05
2453235.00897227	0.00037545
2453235.02090776	0.00015476
2453235.03248671	0.00010978
2453235.04406103	9.66000000000002e-06
2453235.05563539	-0.00028522
2453235.06720979	0.0006157
2453235.07900179	9.93300000000002e-05
2453235.09087709	0.00057359
2453235.1025116	-0.00013421
2453235.11408592	-2.61500000000001e-05
2453235.12574014	2.45500000000001e-05
2453235.13735042	-0.00027594
2453235.14896533	-0.00045324
2453235.16073068	4.43600000000001e-05
2453235.172305	0.00036399
2453235.18387932	-0.00019703
2453235.19552196	0.00020091
2453235.20714381	-0.00038862
2453235.21872516	-0.00018584
2453235.23042105	-0.0004998
2453235.24209839	-0.000223
2453235.25372595	8.14900000000001e-05
2453235.2653709	0.00024578
2453235.27705293	-0.00051234
2453235.28882526	0.00014518
2453235.30093204	-0.00037079
2453235.31260938	-0.00024313
2453235.32427629	0.0001662
2453235.33587842	0.000106
2453235.3479262	-0.00069095
2453235.35985593	-0.00040907
2453235.37149974	-0.0006317
2453235.38307407	0.00012013
2453235.39464838	-0.00012056
2453235.40649125	-0.00061325
2453235.41902747	4.022e-05
2453235.43064469	-0.00031089
2453235.44221906	0.00374735
2453235.45379338	0.01336385
2453235.46536769	0.01681854
2453235.4770381	0.01827888
2453235.48886366	0.01881265
2453235.50045889	0.01815782
2453235.51235502	0.01816218
2453235.52393397	0.01786558
2453235.53550828	0.01687962
2453235.54708262	0.01216878
2453235.55865701	0.00194419
2453235.57023141	-0.00038643
2453235.58180577	-0.00035745
2453235.59338009	-0.00033158
2453235.6049544	0.00065768
2453235.61652874	-0.00011457
2453235.62810312	3.12599999999999e-05
2453235.6397678	1.82000000000001e-06
2453235.65148337	-0.00108448
2453235.66306001	-6.37800000000001e-05
2453235.67474774	-0.00021285
2453235.68632208	-8.732e-05
2453235.69789646	-0.00038147
2453235.70983661	-0.00033684
2453235.72218414	-0.00128073
2453235.73377697	-0.00033143
2453235.74535128	9.484e-05
2453235.75692562	-0.0004029
2453235.7685	-0.00055954
2453235.78017972	-0.00115677
2453235.79188024	2.92399999999999e-05
2453235.80348581	-0.00090486
2453235.81526035	-0.00059803
2453235.82686478	0.0001484
2453235.83852481	-0.00031224
2453235.8500992	0.00082233
2453235.86167356	-0.00015252
2453235.87335784	-0.00200283
2453235.88574466	-0.00061223
2453235.89732246	-0.00012078
2453235.90889684	-0.00019101
2453235.92048744	-0.0002497
2453235.93216134	-0.00036823
2453235.94373566	-0.00035162
2453235.95563288	-0.00024328
2453235.96723152	6.44e-05
2453235.97880589	-0.00065975
2453235.99042774	-0.00080273
2453236.00235975	-0.0001871
2453236.01399194	-0.00061246
2453236.02556624	-0.00080748
2453236.03714057	4.42000000000001e-05
2453236.04871493	-0.00045385
2453236.06045021	-0.00013644
2453236.07242967	0.00055387
2453236.08413247	0.00035623
2453236.09570677	-6.50200000000001e-05
2453236.10728109	0.0002497
2453236.11885546	-0.00071721
2453236.1305317	0.00012042
2453236.1422357	-0.00026405
2453236.15381002	-0.00037795
2453236.16538432	-0.00049568
2453236.17702808	-0.00037996
2453236.18864875	-0.00086075
2453236.20022313	-0.00029996
2453236.21198732	0.00018219
2453236.2236033	0.00030322
2453236.2351776	-0.0005949
2453236.24675192	-0.00028784
2453236.25840267	0.0004624
2453236.26972577	0.00034631
2453236.28053543	-0.00034918
2453236.29118462	-0.00012896
2453236.30163169	-0.00029939
2453236.31206211	0.00023145
2453236.32267798	0.00011908
2453236.33360638	0.00023116
2453236.34419521	0.00061065
2453236.35509756	0.00043068
2453236.36559152	0.00050631
2453236.37609381	-0.00028886
2453236.38652944	0.00031343
2453236.39750783	-0.00067498
2453236.40840499	6.267e-05
2453236.41882193	3.51999999999995e-06
2453236.42928362	-0.00039868
2453236.43975986	0.00025721
2453236.45025486	9.035e-05
2453236.46070509	-0.0003639
2453236.47163869	-0.00016203
2453236.48216293	0.00092257
2453236.49285591	-0.00192429
2453236.503303	-6.86099999999998e-05
2453236.51371987	0.00025432
2453236.52413674	-9.81699999999999e-05
2453236.53455364	0.00073509
2453236.54497058	0.000783
2453236.55546565	0.00064894
2453236.56619507	-0.0003353
2453236.57663799	0.00068792
2453236.58705485	0.00041937
2453237.01128732	0.00099321
2453237.07296346	-0.00020027
2453237.08338032	0.00022986
2453237.0937972	0.00028621
2453237.10421412	0.00023379
2453237.11468105	0.00039236
2453237.1252563	0.00055219
2453237.13582736	-0.00010556
2453237.14629838	7.684e-05
2453237.15671524	2.896e-05
2453237.16722171	0.00035911
2453237.17765322	0.00043539
2453237.18807015	-0.0014619
2453237.19816039	0.0003106
2453237.20616777	0.00076186
2453237.2138068	0.00118154
2453237.22144582	-0.00040422
2453237.22908486	0.00016595
2453237.23679877	0.0001251
2453237.24462577	0.00054728
2453237.25230763	0.00045974
2453237.25995511	0.00018587
2453237.26766369	0.00059062
2453237.27542496	0.00039177
2453237.28310066	0.000734389999999999
2453237.29080843	-2.79e-05
2453237.29844746	0.00042787
2453237.30619499	-0.00058347
2453237.31413886	0.0002555
2453237.32197579	-7.44699999999999e-05
2453237.32964925	0.000537740000000001
2453237.33754957	0.00072808
2453237.34527493	0.00012334
2453237.35291396	0.00089984
2453237.36055298	0.00042693
2453237.36825847	0.00037614
2453237.37596169	-0.00067612
2453237.3843914	-0.00052522
2453237.39273096	8.39200000000001e-05
2453237.40211932	0.00021966
2453237.4126383	-0.0004831
2453237.42305516	0.000989140000000001
2453237.43347201	0.00058878
2453237.44388888	0.00019858
2453237.454711	2.398e-05
2453237.46545189	0.00072863
2453237.47594485	-0.0013209
2453237.52048082	-0.0002145
2453238.17862593	-0.00038013
2453238.18906155	-0.00047891
2453238.19956382	-0.00096819
2453238.20998066	-0.00015077
2453238.22039752	-0.00024003
2453238.23088109	-0.00018895
2453238.2413678	0.00064651
2453238.25218054	0.00048083
2453238.26269011	0.00091102
2453238.27310695	0.00033282
2453238.28352379	6.41700000000001e-05
2453238.29394067	-0.00045758
2453238.30487008	-0.00030957
2453238.31542554	0.0003843
2453238.32601847	0.000258
2453238.33644157	0.00070784
2453238.34688236	-0.0003528
2453238.35737943	-0.00043647
2453238.36803173	-0.00071562
2453238.39698297	-0.00011682
2453238.47300065	-0.0002432
2453238.60878179	-0.00042233
2453238.61919863	0.00016018
2453238.62963422	0.00042933
2453238.64015836	-0.00013987
2453238.65065754	0.00020951
2453238.66107445	-0.00070396
2453238.67149864	0.00014014
2453238.682078	-0.00028868
2453238.69255109	0.00047656
2453238.70311167	-1.228e-05
2453238.71372958	0.00016313
2453238.72420064	0.00023692
2453238.73462588	0.00020699
2453238.74545215	0.00024028
2453238.75618047	4.896e-05
2453238.7665973	-0.00048801
2453238.77701413	-0.00066956
2453238.787431	0.00031932
2453238.79784791	0.0002651
2453238.80826481	-0.00017694
2453238.81883689	-1.70500000000001e-05
2453238.82930686	-0.00090622
2453238.84037162	-0.00135644
2453238.85098222	0.00014198
2453238.86149493	-0.0004993
2453238.87191183	0.000517679999999999
2453238.99852786	0.01130111
2453239.06881436	0.01410161
2453239.07923125	0.00612192
2453239.08964815	0.0003852
2453239.10006502	-7.11300000000001e-05
2453239.11056624	-0.00040586
2453239.12100285	-0.00038934
2453239.13141969	-0.0002763
2453239.14183657	-0.00019849
2453239.15231805	0.0005467
2453239.16293182	0.00057086
2453239.17351118	0.00066721
2453239.18402489	-7.58599999999998e-05
2453239.19444171	-0.00023693
2453239.20485856	-0.0002145
2453239.21527544	-0.00010569
2453239.22569234	-0.00015104
2453239.23631964	-6.82900000000001e-05
2453239.24706046	0.00012861
2453239.25756791	0.00029743
2453239.26798474	5.011e-05
2453239.27840159	-4.817e-05
2453239.28890077	-2.387e-05
2453239.29943954	-0.00016408
2453239.31030226	-7.00499999999998e-05
2453239.32079826	0.00016624
2453239.33129321	-0.00018675
2453239.34182672	-0.00057112
2453239.352354	-0.00062056
2453239.36343445	-0.00036991
2453239.3741503	-0.00119127
2453239.38495154	-2.03e-05
2453239.39548712	3.956e-05
2453239.40590394	-0.00032362
2453239.41632078	-0.00064924
2453239.42720434	-0.00114596
2453239.43819625	-0.00168723
2453239.44861313	4.07999999999991e-06
2453239.45902997	-9.746e-05
2453239.46944679	0.00043358
2453239.47986362	0.00064939
2453239.49028047	-0.00051141
2453239.50086715	-4.504e-05
2453239.51134029	0.00010747
2453239.52205196	-0.00064285
2453239.53264275	0.00029192
2453239.54309394	0.00012667
2453239.55351077	0.00014451
2453239.56392764	-0.00059351
2453239.57437683	-0.00033503
2453239.58487183	-0.00025993
2453239.59554494	-0.00080085
2453239.60601177	9.306e-05
2453239.61642858	0.00046113
2453239.62684542	0.00021851
2453239.6372623	0.00030115
2453239.64770419	0.00038274
2453239.65841691	0.00035276
2453239.66903376	0.00018271
2453239.67945057	-8.889e-05
2453239.68997469	-0.00036706
2453239.70056029	-0.0003012
2453239.71101363	-0.00015378
2453239.72143573	-0.00048757
2453239.73220468	0.00036707
2453239.74297673	0.00028109
2453239.75341021	-0.00034502
2453239.76382704	-0.000342
2453239.77424389	1.761e-05
2453239.78466078	0.00013174
2453239.795111	-0.00082633
2453239.80559869	0.00023555
2453239.81602072	-0.000194
2453239.82726463	-0.00049975
2453239.83778667	0.00019632
2453239.84820354	-0.00011857
2453239.8586371	0.00013374
2453239.86917377	0.00027787
2453239.87981769	-0.00012465
2453239.89043139	0.00043285
2453239.90162738	-4.35299999999999e-05
2453239.91205881	0.00053973
2453239.92247569	4.28e-05
2453239.93289258	6.46e-06
2453239.9434584	-0.00010339
2453239.95428878	0.00072481
2453239.96485559	0.00019548
2453239.97539325	-0.00010713
2453239.9858101	0.00037817
2453239.99625615	-0.00012004
2453240.00683137	-0.00048004
2453240.01761073	-0.00018246
2453240.02820671	0.00016541
2453240.03862352	-0.00022841
2453240.04904036	0.00056896
2453240.05945722	-0.00056507
2453240.06987411	0.00038612
2453240.08029098	0.00025911
2453240.09089949	-4.747e-05
2453240.10143713	0.00022642
2453240.11185395	-0.00058439
2453240.12227495	-0.0002442
2453240.13279183	-0.00013594
2453240.14320871	-7.64199999999999e-05
2453240.15372245	0.00086729
2453240.16435491	0.00076093
2453240.17477171	0.00030688
2453240.18519895	0.0002797
2453240.19570955	-0.00034544
2453240.20612642	0.0001058
2453240.21654331	0.00087225
2453240.2269987	-0.00014818
2453240.23748114	0.00023812
2453240.24789795	1.90000000000001e-05
2453240.25831477	0.00033536
2453240.26879725	0.00036736
2453240.27936102	0.00025362
2453240.29001122	0.00139711
2453240.30076765	0.00077665
2453240.31133655	-0.00034178
2453240.32176481	0.00053527
2453240.33227435	-0.0004429
2453240.34283602	-1.45899999999999e-05
2453240.35368624	-8.72000000000004e-06
2453240.36440311	-5.103e-05
2453240.37498139	-0.00207214
2453240.38540028	0.00017608
2453240.39589105	0.00053194
2453240.4064204	9.32e-05
2453240.41776333	-0.00018958
2453240.42852605	0.00035032
2453240.43894289	-0.00030219
2453240.4493597	0.00035491
2453240.45977651	-0.00032835
2453240.47019333	0.00023763
2453240.48072894	0.00037213
2453240.49144374	-4.085e-05
2453240.50191373	-0.00010109
2453240.51268265	0.00049577
2453240.52311092	8.721e-05
2453240.53352772	2.90100000000001e-05
2453240.54394455	-0.00016083
2453240.55446559	0.00042039
2453240.56488246	0.00026725
2453240.57530557	-0.00021755
2453240.58585365	-0.00068534
2453240.59634128	0.0006408
2453240.60675809	0.00084827
2453240.61717493	0.0002185
2453240.6275918	-0.00035646
2453240.63800867	-0.00030314
2453240.64867969	0.00044441
2453240.65932359	-0.00038939
2453240.66977997	0.00017953
2453240.68019679	4.67000000000001e-05
2453240.69061364	-0.00091373
2453240.70103051	0.00040646
2453240.71165259	9.34000000000003e-06
2453240.72259026	-0.00016133
2453240.73332686	7.05300000000001e-05
2453240.74394783	0.00034221
2453240.75436466	0.00041328
2453240.76478152	2.83699999999999e-05
2453240.77519839	-0.00010016
2453240.78563504	-0.00035935
2453240.79613624	-0.00031552
2453240.80658012	-0.00038022
2453240.81718964	1.83499999999999e-05
2453240.82769918	0.00051879
2453240.83812126	0.00014823
2453240.84873188	9.07999999999999e-05
2453240.85930289	-0.00036211
2453240.86999158	-0.00030586
2453240.88077921	-0.00042594
2453240.89165854	-0.00042078
2453240.90215246	0.00073645
2453240.91259642	-2.33000000000001e-05
2453240.9230362	0.00014538
2453240.93394366	-0.00043654
2453240.94456984	-0.00088494
2453240.9552283	-0.00032325
2453240.96572221	0.00055748
2453240.97613907	-2.78000000000003e-06
2453240.98658302	0.00023909
2453240.99714988	-0.00034912
2453241.00778962	-1.12400000000001e-05
2453241.01832725	0.00012287
2453241.02874405	-0.00073209
2453241.03916088	0.0004305
2453241.04957774	-0.00025197
2453241.05999461	-0.00042631
2453241.07058749	-0.0004267
2453241.08113972	0.00022027
2453241.09155755	-8.527e-05
2453241.10197436	1.229e-05
2453241.1123912	-0.00018647
2453241.12280807	-0.00018222
2453241.13326764	-0.0002948
2453241.14393447	-0.00084102
2453241.15447523	-0.00063806
2453241.16489202	0.00014087
2453241.17530884	6.091e-05
2453241.18572569	9.55099999999999e-05
2453241.19614256	1.58600000000001e-05
2453241.20664587	0.00052773
2453241.21739811	0.00146188
2453241.22791386	-9.213e-05
2453241.23833066	-7.406e-05
2453241.24874748	-0.00106709
2453241.25931121	0.0002544
2453241.26985725	0.0004746
2453241.28040638	0.000866909999999999
2453241.29083152	0.00032752
2453241.30128269	0.00042461
2453241.31176928	-0.00044213
2453241.32218611	-0.00083814
2453241.3331259	-5.74100000000001e-05
2453241.34388547	5.839e-05
2453241.35449397	-0.00015857
2453241.36499931	0.00017643
2453241.3754161	0.00045913
2453241.38591833	0.00076987
2453241.39655705	-0.00054689
2453241.40791664	-0.00035199
2453241.41835537	-0.00010668
2453241.42885447	-0.00060294
2453241.43927126	0.00039347
2453241.44968805	0.00024791
2453241.46010487	-0.0002858
2453241.47081027	-8.80399999999999e-05
2453241.48145943	-0.00063729
2453241.49190543	-0.00060816
2453241.5025837	-0.00066504
2453241.51302236	0.00010775
2453241.52343916	0.00054994
2453241.53386328	-0.00026659
2453241.54437702	-8.079e-05
2453241.55480742	0.0001787
2453241.56554925	-0.00184058
2453241.57614833	-4.425e-05
2453241.58656512	0.00031859
2453241.59698192	9.88200000000001e-05
2453241.60739877	-0.00033942
2453241.61781562	-0.00012207
2453241.62826581	-0.0018617
2453241.63893888	-0.00052755
2453241.64937858	-0.00021181
2453241.65979536	0.0001897
2453241.67021218	-0.00018439
2453241.68062902	-5.779e-05
2453241.69107818	-0.00045411
2453241.70176689	0.00076705
2453241.71240453	-0.0005641
2453241.72292132	-0.00028887
2453241.73333811	-0.00012192
2453241.74375493	3.77999999999999e-05
2453241.75417179	-0.00016699
2453241.76464906	-0.00071279
2453241.77514714	-0.00036263
2453241.7856306	-0.00070124
2453241.79632551	-0.00060291
2453241.80698502	-0.00079662
2453241.81740185	0.00048917
2453241.82781871	-0.00022374
2453241.83830743	-0.00039131
2453241.84896383	0.00014866
2453241.85948583	-0.00012116
2453241.87092241	-0.00150907
2453241.88177777	0.00058383
2453241.89219462	-0.00024661
2453241.90261147	0.00078791
2453241.91302831	-0.0009192
2453241.92354302	-0.00083515
2453241.93404626	-0.00052305
2453241.94479222	-0.00139415
2453241.95521634	0.00053193
2453241.96563318	0.00035311
2453241.97605003	-0.00017121
2453241.98658873	0.00096315
2453241.99716282	0.00027358
2453242.00761293	0.00030415
2453242.01802973	-0.00032104
2453242.02844656	0.00016471
2453242.03886341	0.00010552
2453242.04928025	-0.00045777
2453242.05977207	-9.13000000000006e-06
2453242.07021801	5.523e-05
2453242.08063479	3.31100000000001e-05
2453242.09105159	0.00010809
2453242.10151114	2.85e-05
2453242.11198946	8.27500000000001e-05
2453242.12263337	1.86899999999999e-05
2453242.13336997	0.00011362
2453242.14396904	9.15499999999999e-05
2453242.15438582	-7.19099999999999e-05
2453242.16480263	-0.0002423
2453242.17532052	0.00038902
2453242.1857405	-7.68000000000002e-06
2453242.19635212	0.00027263
2453242.20694807	0.00039604
2453242.21740756	0.0003686
2453242.22782435	0.00029212
2453242.23824117	-0.00066907
2453242.24868927	-0.00097302
2453242.25917903	-0.00044167
2453242.26959585	0.00029595
2453242.28003971	-0.00057771
2453242.29060544	-0.0002913
2453242.30105453	0.00013384
2453242.31148906	0.00033751
2453242.32217675	-0.00011902
2453242.33263526	0.00027883
2453242.34313852	7.897e-05
2453242.35355529	0.00054627
2453242.36397207	2.81799999999999e-05
2453242.374392	-0.00037226
2453242.38537968	-0.00038526
2453242.39665555	-0.00055092
2453242.40484326	-0.00019028
2453242.4125044	-2.83800000000001e-05
2453242.42014337	0.00084111
2453242.42778233	0.00066039
2453242.4354213	0.00094362
2453242.44306029	0.00091131
2453242.45070999	0.00073463
2453242.45909458	-0.00088276
2453242.46712319	-0.00021506
2453242.4747622	0.00126654
2453242.48240119	0.0001177
2453242.49004016	0.00303804
2453242.49767912	0.00993177
2453242.50537691	0.01539937
2453242.51303346	0.01743912
2453242.52067246	0.01775636
2453242.52831149	0.01943418
2453242.53595051	0.01900936
2453242.54365139	0.01843938
2453242.55153559	0.01847897
2453242.55924943	0.01853281
2453242.56688839	0.01886943
2453242.57452735	0.01845436
2453242.58216633	0.01718483
2453242.58980534	0.01520635
2453242.59744435	0.01252832
2453242.60508337	0.00498314
2453242.61272239	0.00058504
2453242.62039728	0.00024688
2453242.6283273	0.00071472
2453242.63602126	0.00046736
2453242.64366022	0.00048116
2453242.6512992	-0.0004222
2453242.6589382	0.00029939
2453242.66657721	-0.00022228
2453242.67421623	7.192e-05
2453242.68185525	-4.33e-06
2453242.68961646	0.00037978
2453242.69857525	0.00034995
2453242.70903715	0.00091859
2453242.71945392	0.00032512
2453242.72987073	0.00062794
2453242.74028757	0.00069586
2453242.75084712	-0.00045516
2453242.76151914	0.00060376
2453242.77208904	-0.0003095
2453242.78266935	-0.00057075
2453242.79320489	-0.00056107
2453242.80362171	0.00043384
2453242.81403855	-1.067e-05
2453242.82445538	0.00068814
2453242.83487218	-0.00057018
2453242.84530249	-0.00029409
2453242.85643176	-0.00038725
2453242.86734752	-0.00011942
2453242.87778935	-1.582e-05
2453242.88824265	2.253e-05
2453242.8990001	-0.00015373
2453242.90974605	-0.00026802
2453242.92029615	5.087e-05
2453242.93101917	-0.00054795
2453242.94143598	0.00034147
2453242.95185282	0.00049959
2453242.96226965	-0.00010718
2453242.97274792	-0.0003214
2453242.9832074	0.00036698
2453242.99365645	-0.00042342
2453243.0041451	-0.00048495
2453243.01456192	1.62499999999999e-05
2453243.02497876	-0.00023526
2453243.03539559	-0.00068427
2453243.04587697	-0.00010205
2453243.05633332	-4.36999999999997e-05
2453243.06675008	-0.00034552
2453243.07716687	0.00041707
2453243.08758369	-0.00014112
2453243.09800053	-0.00011095
2453243.10854131	0.00010294
2453243.11924768	0.00025319
2453243.12997069	-0.00106625
2453243.14039683	0.00017641
2453243.15089905	-9.97e-05
2453243.16133463	0.00041553
2453243.17175146	0.00021302
2453243.18230056	5.18900000000001e-05
2453243.19279338	0.00054122
2453243.20321013	-0.00069393
2453243.21362691	8.88e-06
2453243.22404371	-0.00084464
2453243.23446055	-0.0001216
2453243.24487738	-0.00013304
2453243.25536188	-0.00045043
2453243.26610261	0.00026943
2453243.27654436	-0.00011951
2453243.28705698	5.457e-05
2453243.29767067	-6.03599999999999e-05
2453243.30870002	-4.029e-05
2453243.319271	-0.00099661
2453243.32977424	-4.47999999999983e-06
2453243.340191	-5.53099999999997e-05
2453243.35069005	-1.386e-05
2453243.36112872	-4.244e-05
2453243.3719518	-0.00093668
2453243.38331657	-0.0004145
2453243.39392712	-0.0001864
2453243.40467097	5.443e-05
2453243.41508773	0.00019137
2453243.42550449	0.00082579
2453243.43592131	-0.0011777
2453243.4471569	-0.00172065
2453243.45779664	0.00026059
2453243.46821343	-8.632e-05
2453243.47863018	-4.45799999999999e-05
2453243.48904694	-0.00024112
2453243.49946372	0.00013513
2453243.5098847	-0.00042361
2453243.52056717	-0.00013407
2453243.53110481	-0.00032859
2453243.54190597	-0.00067074
2453243.55238105	-0.0003176
2453243.56279781	0.00125654
2453243.5732146	0.00022687
2453243.58363143	0.00039978
2453243.59404826	-0.00015767
2453243.60457235	-0.00058957
2453243.61525787	-0.00052766
2453243.62571524	0.00023241
2453243.63613201	0.00074869
2453243.64654881	0.00018227
2453243.65696564	0.00042043
2453243.66738246	-6.7999999999997e-07
2453243.67793154	0.00047225
2453243.68861184	-0.00105829
2453243.69907755	0.00030452
2453243.70957036	-0.00027178
2453243.71998718	-0.00046308
2453243.73058318	-0.00026517
2453243.74111353	-0.00010177
2453243.75193344	-0.0018979
2453243.76248769	-0.00066116
2453243.77308361	-0.00045555
2453243.78363268	-0.00033488
2453243.79405055	-0.00017659
2453243.80446737	0.00033086
2453243.81491959	-0.00055712
2453243.82540511	0.0002444
2453243.83582393	-0.00038674
2453243.84653548	-0.00030211
2453243.85696791	0.00053991
2453243.86738473	0.00022664
2453243.87780156	0.00036351
2453243.88822459	0.00026472
2453243.89888302	-0.00039644
2453243.90974872	-0.00106463
2453243.92092695	-0.00051209
2453243.93134376	0.00034893
2453243.94176059	0.00088747
2453243.9521774	0.00027517
2453243.96279001	-0.00012134
2453243.97351405	-0.00056983
2453243.98416622	-0.00023999
2453243.99467779	0.00068742
2453244.0050946	-0.00112595
2453244.01551143	-4.19099999999999e-05
2453244.02598448	-0.00030575
2453244.03644916	-0.00049108
2453244.0468659	2.19799999999999e-05
2453244.05728265	0.00011504
2453244.06769944	-0.00038149
2453244.07811626	-0.00034151
2453244.08853308	0.00031849
2453244.09905508	8.903e-05
2453244.10994267	-0.00072712
2453244.12051253	-0.00032878
2453244.1309293	0.00078711
2453244.1413461	0.00073094
2453244.15176292	0.00031705
2453244.16225265	0.00042773
2453244.17273092	7.702e-05
2453244.18124521	0.00027587
2453244.18889407	-0.00014149
2453244.19653303	-0.0001459
2453244.204172	7.66499999999999e-05
2453244.21184995	-0.00093188
2453244.21957374	-0.00024496
2453244.22731816	0.00029332
2453244.23501673	-0.00062729
2453244.24285431	4.96699999999999e-05
2453244.25073312	-0.00015884
2453244.25848205	-6.164e-05
2453244.26612406	0.00029114
2453244.27382032	0.00053067
2453244.28155479	-0.00086517
2453244.28928699	0.00038805
2453244.29713836	-2.04100000000002e-05
2453244.30492096	-0.00011141
2453244.31295715	0.00055266
2453244.32066637	0.00023054
2453244.32830531	0.00073013
2453244.33594425	0.00058719
2453244.34360232	0.00023379
2453244.35136505	-0.00102037
2453244.35970608	-0.00146069
2453244.36818079	-0.000671200000000001
2453244.37581977	0.00064744
2453244.38345873	-0.00037943
2453244.39109767	-0.0005546
2453244.398813	0.00025713
2453244.40652834	-0.00048309
2453244.4141673	0.0001216
2453244.42193386	-0.00071197
2453244.43091427	-0.00039746
2453244.43945237	0.0002782
2453244.44905988	0.000529680000000001
2453244.45970488	0.00045281
2453244.47012578	0.00059289
2453244.48054253	0.0006105
2453244.49097182	-0.00016307
2453244.50148031	0.000244
2453244.51189712	-0.00017189
2453244.52252223	-0.0006195
2453244.53314731	0.00056123
2453244.54356404	0.00023388
2453244.5539808	-0.00034733
2453244.56439759	-0.00058233
2453244.5748665	-4.62000000000008e-06
2453244.58534371	0.00025152
2453244.59593548	0.00035943
2453244.60637721	-0.00018565
2453244.61679395	-0.00016253
2453244.62721072	0.00027619
2453244.63762752	0.00053567
2453244.64804434	0.00052393
2453244.65849447	7.402e-05
2453244.66919039	-0.00024101
2453244.67967691	0.00030101
2453244.69012802	0.00039388
2453244.7005448	0.00093045
2453244.71096161	0.00044528
2453244.72137842	8.037e-05
2453244.73187541	-0.00061143
2453244.74245883	0.00027544
2453244.75300368	-0.00031185
2453244.7637746	-0.0004641
2453244.77419139	0.00024245
2453244.7846082	0.0002997
2453244.795025	-0.0006555
2453244.80544177	0.00081313
2453244.8158585	0.00028979
2453244.82660336	-0.00039213
2453244.83752533	-0.0006239
2453244.84794213	0.00043407
2453244.85835894	-0.00026598
2453244.86879032	-0.00038722
2453244.8793227	-0.00044573
2453244.88993109	0.00032058
2453244.90164159	-0.00049944
2453244.91242191	0.00029622
2453244.92283872	-0.00066279
2453244.93334824	-0.00076626
2453244.94377647	-0.00031143
2453244.95422237	0.00032704
2453244.96477555	-0.00011961
2453244.97533918	-0.00025915
2453244.98575596	0.00075869
2453244.99617278	0.00030339
2453245.00658958	0.00021468
2453245.01701884	0.00043373
2453245.02752724	-0.00026369
2453245.03801479	-0.00038023
2453245.04846488	-0.00038744
2453245.05888168	0.00046732
2453245.06929849	2.13100000000001e-05
2453245.07971528	-0.0006256
2453245.09037786	0.0005423
2453245.10105917	4.32099999999999e-05
2453245.11148632	0.00015099
2453245.12190309	0.00019675
2453245.13231989	0.00010581
2453245.1427367	5.07800000000001e-05
2453245.15323681	0.00014306
2453245.16408271	0.00073141
2453245.17461194	-0.00098437
2453245.18502868	-0.00067612
2453245.19544545	-0.00026715
2453245.20586226	-0.00026138
2453245.21627906	-0.00014235
2453245.22677187	-0.00010976
2453245.23738964	-0.00053058
2453245.24794594	-0.00045904
2453245.25836269	0.00018927
2453245.26877948	0.00025229
2453245.27955358	-0.00041668
2453245.29013392	0.0002192
2453245.30062566	0.00059904
2453245.31107155	-2.395e-05
2453245.32151848	0.00046118
2453245.3320092	-0.00031348
2453245.34254267	-0.00046482
2453245.35413866	-0.00013949
2453245.36472001	-7.26e-05
2453245.37528883	0.00025085
2453245.38577534	0.0002967
2453245.39628062	-9.29499999999999e-05
2453245.40669739	-0.00034951
2453245.41901839	-0.00052789
2453245.43034352	-0.00032141
2453245.44090923	-0.00053521
2453245.45151866	-0.0002572
2453245.46211455	-0.00019457
2453245.4725313	-0.00033144
2453245.48300226	0.00021508
2453245.49397741	-0.00111877
2453245.50440668	-0.00038461
2453245.51482342	-0.0001951
2453245.52531826	1.50300000000001e-05
2453245.53576103	-3.606e-05
2453245.5461778	0.00013158
2453245.5565946	-0.00068978
2453245.5670114	-0.00049861
2453245.57761462	-3.203e-05
2453245.58843655	-0.00069846
2453245.59899077	0.00016968
2453245.60940751	0.00049093
2453245.61982429	-0.00013647
2453245.63024109	-0.00026011
2453245.64068496	-0.0005296
2453245.65126421	-0.00027391
2453245.66180384	0.00028277
2453245.67222056	0.00026348
2453245.68271335	0.00029508
2453245.69315826	0.00028006
2453245.70357506	4.455e-05
2453245.71399184	-0.00020896
2453245.72452108	-0.00018037
2453245.73503362	0.00014442
2453245.74545659	0.00041102
2453245.75597127	0.0001142
2453245.76638807	-0.00034924
2453245.77680486	0.00011793
2453245.78735497	0.00014645
2453245.79794773	0.00017746
2453245.80861652	-0.00115477
2453245.81987909	-0.00085408
2453245.83034691	0.00070818
2453245.84076371	-0.00053943
2453245.8511805	0.00018999
2453245.86159725	-4.38299999999998e-05
2453245.87203688	-0.00161191
2453245.88365568	-0.00023879
2453245.89565993	-0.00013964
2453245.90607673	0.0003292
2453245.91649352	0.00027544
2453245.92691029	0.00070383
2453245.93734369	-0.00034388
2453245.94784789	-0.00061916
2453245.95868441	8.76199999999999e-05
2453245.96929597	0.00100657
2453245.97972318	0.00017928
2453245.99013997	0.00040688
2453246.00055672	0.00061119
2453246.01097344	0.00127378
2453246.02139014	0.00779223
2453246.03180687	0.01452832
2453246.04222365	0.0174878
2453246.05264044	0.01872147
2453246.06305723	0.01870315
2453246.07360314	0.01891144
2453246.08429901	0.01888201
2453246.09472405	0.0183632
2453246.10514079	0.01748151
2453246.11555758	0.01531141
2453246.12597437	0.00836266
2453246.13639115	0.00129143
2453246.14680788	0.00083349
2453246.15722458	-0.0002394
2453246.16772567	-4.487e-05
2453246.17816221	0.00027421
2453246.1885915	-0.00132492
2453246.19909996	0.00010799
2453246.20955735	-0.00025826
2453246.22017198	0.00054173
2453246.23076472	5.74700000000001e-05
2453246.24118353	-0.000740420000000001
2453246.25165341	-0.00088088
2453246.26219104	-0.00039304
2453246.27274637	6.21699999999997e-05
2453246.28339853	-0.0004661
2453246.29417254	-0.00045754
2453246.30462153	-0.000807420000000001
2453246.31503826	0.00011692
2453246.32545503	-0.00171187
2453246.33709892	-0.00135221
2453246.34785111	-0.00028499
2453246.35837201	-0.00071468
2453246.3687887	0.00013682
2453246.37920542	-2.32400000000003e-05
2453246.38962216	2.18499999999999e-05
2453246.40180251	-0.00064149
2453246.4147662	-0.00013676
2453246.42534752	-0.0007557
2453246.43594547	-0.00074438
2453246.44646842	-0.00028749
2453246.45691432	0.00018262
2453246.46739048	-0.00041645
2453246.47885416	-0.00041479
2453246.4893105	0.00010254
2453246.49979285	-0.00106355
2453246.51024808	0.00029163
2453246.52066479	-0.00017751
2453246.53108154	-0.00023165
2453246.54151812	-0.00049706
2453246.55201928	-0.0004227
2453246.56245478	-0.00035069
2453246.57310066	0.00086416
2453246.58358194	0.00050092
2453246.59399866	0.00023146
2453246.60441541	-8.65600000000001e-05
2453246.61486241	0.00031939
2453246.62535315	-0.0002134
2453246.63576989	0.00050369
2453246.64637721	0.0005971
2453246.65683141	0.00021606
2453246.66733251	8.324e-05
2453246.67774928	-0.00017977
2453246.68816607	0.00018151
2453246.69858284	0.00026616
2453246.70899956	0.00051938
2453246.71941625	0.00014234
2453246.72987358	0.00052762
2453246.74044553	0.00027095
2453246.7508748	-0.00063593
2453246.76129159	0.00021213
2453246.7717521	-0.00012413
2453246.78231777	-0.00026619
2453246.79275008	0.00013476
2453246.80357304	0.00022542
2453246.81410437	-0.0009775
2453246.82452116	-9.133e-05
2453246.83493794	0.0003738
2453246.84535468	0.00064936
2453246.85579326	0.00052236
2453246.86678599	0.00051527
2453246.88035482	-0.00021541
2453246.89077159	0.00075295
2453246.90121962	3.598e-05
2453246.91175409	0.00039516
2453246.92237393	-7.51900000000001e-05
2453246.9328552	-0.00046051
2453246.94454691	0.00052327
2453246.95566783	0.00029493
2453246.96608461	0.00038061
2453246.97650139	0.00086488
2453246.98691813	0.00029658
2453246.99748482	0.0001235
2453247.00795984	-0.00083965
2453247.01837656	-0.0001348
2453247.02886936	0.00125211
2453247.03931427	2.39400000000001e-05
2453247.04974146	0.00022375
2453247.06030089	0.0008904
2453247.07077278	-0.00010492
2453247.08118947	0.00016297
2453247.09162703	0.00037882
2453247.10212714	0.00042511
2453247.11254392	0.00020035
2453247.12296901	-0.0009977
2453247.13369509	7.99799999999999e-05
2453247.14421074	0.00031097
2453247.15462744	0.00043477
2453247.16504418	0.0002393
2453247.17546095	0.00022699
2453247.18587773	-0.00022111
2453247.19636739	-3.203e-05
2453247.20696846	5.26799999999999e-05
2453247.21744035	4.46000000000004e-06
2453247.22785706	5.505e-05
2453247.23827381	-0.00042601
2453247.24869059	3.078e-05
2453247.25910736	0.00059142
2453247.26963242	-0.00032718
2453247.28040223	-0.00021307
2453247.29087829	0.00010777
2453247.30129501	-0.00013016
2453247.3117524	-0.0003657
2453247.32321606	-0.000639299999999999
2453247.33400678	-0.00048706
2453247.34452452	0.00025903
2453247.3550662	-0.00052869
2453247.36556727	-4.321e-05
2453247.37608713	-0.00085562
2453247.38835914	-0.00047792
2453247.40150405	-7.844e-05
2453247.41192078	5.509e-05
2453247.42233745	0.00043965
2453247.43275414	-0.00058981
2453247.44317086	-0.00095062
2453247.45388554	0.00040527
2453247.46658984	-0.00092292
2453247.47702533	0.00052945
2453247.48744203	-0.00020703
2453247.4978587	0.00031951
2453247.5082754	0.00046229
2453247.51877235	-6.97300000000001e-05
2453247.52929017	0.00045978
2453247.53983819	-0.00048619
2453247.55025491	0.00020525
2453247.56092056	0.00059432
2453247.57140078	0.00076028
2453247.58181749	-1.452e-05
2453247.59223424	2.307e-05
2453247.60265101	3.612e-05
2453247.61316048	-0.00010513
2453247.6236824	0.00025386
2453247.63421366	0.00091687
2453247.64463034	0.00060678
2453247.65504707	0.00076738
2453247.66546383	-0.00019968
2453247.6758806	-0.00015355
2453247.68630672	0.00063195
2453247.69694738	-0.00080278
2453247.70744322	0.00051422
2453247.71785991	0.00058849
2453247.72827664	0.00053701
2453247.73869341	0.00040754
2453247.74911018	-4.592e-05
2453247.75965087	-0.0010311
2453247.77036026	0.00012201
2453247.78102589	0.00061563
2453247.79181447	0.00043933
2453247.80223538	0.00061661
2453247.81265216	0.00031656
2453247.82306891	0.0003044
2453247.83348563	0.00028551
2453247.84395335	-0.00023827
2453247.85547523	-5.03800000000001e-05
2453247.86817321	7.562e-05
2453247.87858998	0.00047796
2453247.88909112	0.00109185
2453247.8995714	0.00075418
2453247.9100485	-4.94100000000002e-05
2453247.92046517	-0.00027641
2453247.93231937	-0.00016563
2453247.94306945	0.00135035
2453247.95348622	0.00079411
2453247.96393735	0.0006487
2453247.97442386	5.60399999999999e-05
2453247.98493428	-0.0002201
2453247.99548845	0.00031841
2453248.00603225	-0.00071975
2453248.01650733	0.00080163
2453248.0269241	-0.00028953
2453248.03734085	-0.00039138
2453248.04781484	0.00020159
2453248.05827838	0.00048125
2453248.06870859	-0.0002425
2453248.07921594	6.92400000000002e-05
2453248.08969312	0.0010241
2453248.10015364	-0.00014106
2453248.10652025	0.00152138095238095
